,ruck_num,which_side,shoot_position,time_log,group_num,num_of_groups,lamp_num,num_of_lamps,x,y
0,output,L,3,20201119130306,0,2,0,11,252,311
1,output,L,3,20201119130306,0,2,1,11,343,313
2,output,L,3,20201119130306,0,2,2,11,424,309
3,output,L,3,20201119130306,0,2,3,11,610,307
4,output,L,3,20201119130306,0,2,4,11,705,308
5,output,L,3,20201119130306,0,2,5,11,800,312
6,output,L,3,20201119130306,0,2,6,11,998,319
7,output,L,3,20201119130306,0,2,7,11,1093,324
8,output,L,3,20201119130306,0,2,8,11,1181,330
9,output,L,3,20201119130306,0,2,9,11,1376,334
10,output,L,3,20201119130306,0,2,10,11,1475,333
11,output,L,3,20201119130306,1,2,0,10,271,776
12,output,L,3,20201119130306,1,2,1,10,348,782
13,output,L,3,20201119130306,1,2,2,10,432,787
14,output,L,3,20201119130306,1,2,3,10,609,797
15,output,L,3,20201119130306,1,2,4,10,698,803
16,output,L,3,20201119130306,1,2,5,10,791,806
17,output,L,3,20201119130306,1,2,6,10,981,810
18,output,L,3,20201119130306,1,2,7,10,1154,807
19,output,L,3,20201119130306,1,2,8,10,1338,811
20,output,L,3,20201119130306,1,2,9,10,1421,811
