,ruck_num,which_side,shoot_position,time_log,group_num,num_of_groups,lamp_num,num_of_lamps,x,y
0,output,L,1,20201119130102,0,2,0,10,291,431
1,output,L,1,20201119130102,0,2,1,10,363,430
2,output,L,1,20201119130102,0,2,2,10,445,430
3,output,L,1,20201119130102,0,2,3,10,621,428
4,output,L,1,20201119130102,0,2,4,10,713,428
5,output,L,1,20201119130102,0,2,5,10,810,430
6,output,L,1,20201119130102,0,2,6,10,1013,433
7,output,L,1,20201119130102,0,2,7,10,1109,437
8,output,L,1,20201119130102,0,2,8,10,1201,440
9,output,L,1,20201119130102,0,2,9,10,1399,444
10,output,L,1,20201119130102,1,2,0,11,311,867
11,output,L,1,20201119130102,1,2,1,11,380,879
12,output,L,1,20201119130102,1,2,2,11,459,883
13,output,L,1,20201119130102,1,2,3,11,627,903
14,output,L,1,20201119130102,1,2,4,11,714,907
15,output,L,1,20201119130102,1,2,5,11,804,916
16,output,L,1,20201119130102,1,2,6,11,991,922
17,output,L,1,20201119130102,1,2,7,11,1082,922
18,output,L,1,20201119130102,1,2,8,11,1172,923
19,output,L,1,20201119130102,1,2,9,11,1367,932
20,output,L,1,20201119130102,1,2,10,11,1470,939
