,ruck_num,which_side,shoot_position,time_log,group_num,num_of_groups,lamp_num,num_of_lamps,x,y
0,output,L,4,20201119130408,0,1,0,11,285,491
1,output,L,4,20201119130408,0,1,1,11,364,493
2,output,L,4,20201119130408,0,1,2,11,445,493
3,output,L,4,20201119130408,0,1,3,11,626,495
4,output,L,4,20201119130408,0,1,4,11,719,496
5,output,L,4,20201119130408,0,1,5,11,815,498
6,output,L,4,20201119130408,0,1,6,11,1012,504
7,output,L,4,20201119130408,0,1,7,11,1108,507
8,output,L,4,20201119130408,0,1,8,11,1197,509
9,output,L,4,20201119130408,0,1,9,11,1385,513
10,output,L,4,20201119130408,0,1,10,11,1483,513
