,ruck_num,which_side,shoot_position,time_log,group_num,num_of_groups,lamp_num,num_of_lamps,x,y
0,output,L,2,20201119130204,0,3,0,7,256,119
1,output,L,2,20201119130204,0,3,1,7,340,120
2,output,L,2,20201119130204,0,3,2,7,432,123
3,output,L,2,20201119130204,0,3,3,7,621,118
4,output,L,2,20201119130204,0,3,4,7,716,120
5,output,L,2,20201119130204,0,3,5,7,1204,128
6,output,L,2,20201119130204,0,3,6,7,1420,117
7,output,L,2,20201119130204,1,3,0,11,269,599
8,output,L,2,20201119130204,1,3,1,11,350,604
9,output,L,2,20201119130204,1,3,2,11,426,609
10,output,L,2,20201119130204,1,3,3,11,608,613
11,output,L,2,20201119130204,1,3,4,11,701,617
12,output,L,2,20201119130204,1,3,5,11,794,621
13,output,L,2,20201119130204,1,3,6,11,992,626
14,output,L,2,20201119130204,1,3,7,11,1085,628
15,output,L,2,20201119130204,1,3,8,11,1177,629
16,output,L,2,20201119130204,1,3,9,11,1356,632
17,output,L,2,20201119130204,1,3,10,11,1446,633
18,output,L,2,20201119130204,2,3,0,9,292,1030
19,output,L,2,20201119130204,2,3,1,9,376,1030
20,output,L,2,20201119130204,2,3,2,9,451,1040
21,output,L,2,20201119130204,2,3,3,9,618,1051
22,output,L,2,20201119130204,2,3,4,9,963,1066
23,output,L,2,20201119130204,2,3,5,9,1050,1069
24,output,L,2,20201119130204,2,3,6,9,1133,1065
25,output,L,2,20201119130204,2,3,7,9,1321,1082
26,output,L,2,20201119130204,2,3,8,9,1419,1091
