,ruck_num,which_side,shoot_position,time_log,group_num,num_of_groups,lamp_num,num_of_lamps,x,y
0,output,L,0,20201119130000,0,2,0,12,305,269
1,output,L,0,20201119130000,0,2,1,12,377,262
2,output,L,0,20201119130000,0,2,2,12,459,262
3,output,L,0,20201119130000,0,2,3,12,526,127
4,output,L,0,20201119130000,0,2,4,12,571,173
5,output,L,0,20201119130000,0,2,5,12,634,251
6,output,L,0,20201119130000,0,2,6,12,728,250
7,output,L,0,20201119130000,0,2,7,12,822,249
8,output,L,0,20201119130000,0,2,8,12,1026,247
9,output,L,0,20201119130000,0,2,9,12,1121,253
10,output,L,0,20201119130000,0,2,10,12,1227,250
11,output,L,0,20201119130000,0,2,11,12,1454,239
12,output,L,0,20201119130000,1,2,0,10,308,713
13,output,L,0,20201119130000,1,2,1,10,382,720
14,output,L,0,20201119130000,1,2,2,10,457,726
15,output,L,0,20201119130000,1,2,3,10,629,739
16,output,L,0,20201119130000,1,2,4,10,720,744
17,output,L,0,20201119130000,1,2,5,10,815,749
18,output,L,0,20201119130000,1,2,6,10,1012,757
19,output,L,0,20201119130000,1,2,7,10,1106,757
20,output,L,0,20201119130000,1,2,8,10,1200,758
21,output,L,0,20201119130000,1,2,9,10,1401,764
